100
3455
6795
354
30
9906
9
16
9879
10
151
9410
54
5952
6287
24
4369
4719
16
3265
8918
9758
590
9077
48
635
9038
97
2422
4414
3236
652
9994
56
502
9377
64
2618
6265
27
280
4747
4116
2404
7068
7952
1
9913
2
2118
2953
8440
86
9291
85
29
9967
7
143
367
68
1948
7865
9798
1074
8860
4261
769
2688
96
364
9570
62
15
9988
5
596
9060
13
425
9322
24
43
410
36
609
9182
98
111
196
16
2029
3896
3423
542
8012
1437
173
3202
4365
4574
9739
4716
457
9297
54
2
9893
4
1772
5612
8080
2641
4713
19
1
9678
36
3498
5475
2037
4953
9226
2302
3066
8098
3985
271
418
59
790
9840
59
6413
6413
6413
3103
9796
97
23
9937
1
1467
3593
6201
3919
7225
7374
923
9710
32
292
5918
97
54
9927
16
825
9786
72
5332
6814
2697
498
9047
59
5696
9468
1176
8
9937
8
484
9557
43
3047
9697
3882
3976
9824
8162
4082
4082
4082
434
6067
1078
16
449
50
232
9923
94
481
9954
6
5671
6088
5808
1349
4950
75
8
323
45
7
9941
3
991
9516
29
2887
5411
7468
635
9692
75
138
174
64
193
9298
33
794
9305
61
362
9137
74
920
6206
284
178
9756
37
7457
7457
7457
752
9859
96
683
9483
29
3526
4146
4061
2843
9985
335
232
9971
92
2303
5976
2806
50
9901
28
5064
9024
24
269
9032
76
91
9719
59
7175
9322
6685
631
9016
58
260
9804
7
182
9772
64
123
494
67
594
9970
72
697
9355
56
26
9880
6
888
9688
62
762
9694
40
650
9422
82
